%YAML:1.0
---
wholeres: !!opencv-matrix
   rows: 2
   cols: 1
   dt: i
   data: [ 1080, 1279 ]
imageres: !!opencv-matrix
   rows: 2
   cols: 1
   dt: i
   data: [ 1280, 720 ]
H: !!opencv-matrix
   rows: 3
   cols: 3
   dt: d
   data: [ 6.6378405650136019e-01, -1.7297025796643626e+00,
       9.3057540381810298e+01, -5.0425471900139851e-03,
       -2.3167263562644731e+00, 5.1126458776503245e+02,
       -2.6782265993177037e-05, -3.3404581368853001e-03, 1. ]
invH: !!opencv-matrix
   rows: 3
   cols: 3
   dt: d
   data: [ 1.5477035109464694e+00, -3.6066178635365742e+00,
       1.6999105132580576e+03, 2.1988436228006499e-02,
       -1.6936307366463632e+00, 8.6384723060547071e+02,
       1.1490245782397016e-04, -5.7540959740663700e-03,
       3.9311729660325518e+00 ]
H_norm: !!opencv-matrix
   rows: 3
   cols: 3
   dt: d
   data: [ -3.0870698943419543e+00, -3.3747351531807601e-01,
       -6.2936138589744679e+01, -5.5004119327947673e-02,
       8.2156938447046135e-01, 8.4423168952911476e+02,
       1.2190070936013171e-04, 1.5204248086322498e-02, 1. ]
intH_norm: !!opencv-matrix
   rows: 3
   cols: 3
   dt: d
   data: [ -3.2388248169521888e-01, -1.6698406165491300e-02,
       -6.2865891052246310e+00, 4.2571138660932031e-03,
       -8.3014394124630311e-02, 7.0351308515341231e+01,
       -2.5244711083837501e-05, 1.2642069905633890e-03,
       -6.8872408193278042e-02 ]
