%YAML:1.0
---
wholeres: !!opencv-matrix
   rows: 2
   cols: 1
   dt: i
   data: [ 1080, 1279 ]
imageres: !!opencv-matrix
   rows: 2
   cols: 1
   dt: i
   data: [ 1280, 720 ]
H: !!opencv-matrix
   rows: 3
   cols: 3
   dt: d
   data: [ -7.0162581946917624e-01, -1.7101683510421073e+00,
       9.2832121412507240e+02, -4.0084088612431443e-02,
       -2.0333457350189459e+00, 7.8854982068840559e+02,
       -5.0352383786012947e-05, -3.3296972067400153e-03, 1. ]
invH: !!opencv-matrix
   rows: 3
   cols: 3
   dt: d
   data: [ -1.5290527577957931e+00, 3.5648431228852346e+00,
       -1.3916042927551673e+03, -9.7772146603896672e-04,
       1.6906518470626950e+00, -1.3322555712693804e+03,
       -8.0246967724034889e-05, 5.8088570817949482e-03,
       -3.5060782477465504e+00 ]
H_norm: !!opencv-matrix
   rows: 3
   cols: 3
   dt: d
   data: [ 2.9206898323268087e+00, -3.8051907493964965e-01,
       5.0602684819394426e+01, 3.4141079120661243e-02,
       -4.1571572562558662e-01, -7.7327795301528454e+02,
       2.1805448902152753e-04, 1.4419484608666882e-02, 1. ]
intH_norm: !!opencv-matrix
   rows: 3
   cols: 3
   dt: d
   data: [ 3.4122411746215764e-01, 3.5289911728451709e-02,
       1.0022054234753636e+01, -6.4451541527724291e-03,
       9.2490541466478587e-02, 7.1847038682678999e+01,
       1.8530350531354997e-05, -1.3413610627927165e-03,
       -3.8182622378289392e-02 ]
