%YAML:1.0
---
wholeres: !!opencv-matrix
   rows: 2
   cols: 1
   dt: i
   data: [ 1080, 1279 ]
imageres: !!opencv-matrix
   rows: 2
   cols: 1
   dt: i
   data: [ 1280, 720 ]
H: !!opencv-matrix
   rows: 3
   cols: 3
   dt: d
   data: [ -5.8579649365952301e-02, -1.8963692245116348e+00,
       3.9418762118377032e+02, -6.9295798847012835e-01,
       -2.2566424373074625e+00, 1.1058344070912297e+03,
       -2.8061848728444717e-05, -3.4461663017519226e-03, 1. ]
invH: !!opencv-matrix
   rows: 3
   cols: 3
   dt: d
   data: [ -3.6151431543953527e+00, -1.2512203498591052e+00,
       2.8086871939968210e+03, -1.5396255166745634e+00,
       1.1052583581733191e-01, 4.8467804781245752e+02,
       -5.4072531732115873e-03, 3.4577885468295698e-04,
       2.7490981107336570e+00 ]
H_norm: !!opencv-matrix
   rows: 3
   cols: 3
   dt: d
   data: [ 1.6794161619362843e-01, 1.3705428376687770e-01,
       7.2071995645450409e+02, 2.6104643329751962e+00,
       2.0426637525130889e-01, -5.9214204257069184e+01,
       1.0852311941753061e-04, 1.3327301444633703e-02, 1. ]
intH_norm: !!opencv-matrix
   rows: 3
   cols: 3
   dt: d
   data: [ 3.9950815830052035e-02, 3.8076310845274147e-01,
       -6.2467657678797943e+00, -1.0523811998610716e-01,
       3.6083603725156213e-03, 7.6060879441872288e+01,
       1.3982045613642284e-03, -8.9411306693793464e-05,
       -1.3008349958373466e-02 ]
