%YAML:1.0
---
wholeres: !!opencv-matrix
   rows: 2
   cols: 1
   dt: i
   data: [ 1080, 1279 ]
imageres: !!opencv-matrix
   rows: 2
   cols: 1
   dt: i
   data: [ 1280, 720 ]
H: !!opencv-matrix
   rows: 3
   cols: 3
   dt: d
   data: [ -4.6364885107700926e-02, -1.6860576859490104e+00,
       6.8596028778300422e+02, 6.7189519043082302e-01,
       -2.3110354263290946e+00, 2.3427616076253818e+02,
       -1.8597842568406042e-05, -3.5234901847673796e-03, 1. ]
invH: !!opencv-matrix
   rows: 3
   cols: 3
   dt: d
   data: [ 3.3431740801481924e+00, 1.6448829292567484e+00,
       -2.6786415116972435e+03, 1.5218639871640969e+00,
       7.5631617756216865e-02, -1.0616569436418604e+03,
       5.4244486465450156e-03, 2.9707853658388398e-04,
       -2.7905547736439713e+00 ]
H_norm: !!opencv-matrix
   rows: 3
   cols: 3
   dt: d
   data: [ 1.2955545928641776e-01, -7.7267698757866932e-01,
       -7.1586729618113282e+02, -2.4389739640490355e+00,
       2.0603381914219851e-01, -4.1396783956085713e+01,
       6.6335794033528254e-05, 1.2567775983487090e-02, 1. ]
intH_norm: !!opencv-matrix
   rows: 3
   cols: 3
   dt: d
   data: [ 3.6018587863483081e-02, -4.0785312740273605e-01,
       8.9007213051892311e+00, 1.2081725069469572e-01,
       8.7799088809258907e-03, 8.6852578577947739e+01,
       -1.5207934632976265e-03, -8.3288666915587160e-05,
       -9.2134187571107598e-02 ]
